
EPFL = [41      0.0183  4;
        82      0.0229  4;
        174     0.0349  4;
        2724    2.5335  6
       ];
   
   
   
FUBM = [60      0.51505  11;
        109     0.4122   5;
        200     0.4691   5;
        2490    13.7504  7
       ];
   
